$ 1 0.000005 10.20027730826997 50 5 43 5e-11
c 64 144 112 144 0 0.0000022 -2.822865922224289 0.001
r 144 144 224 144 0 330
r 224 144 224 224 0 22000
r 144 144 144 48 0 2200
r 288 48 288 128 0 2200
t 224 144 288 144 0 1 0.5838720151212136 0.6446606759509774 100 default
r 288 160 288 240 0 330
c 224 224 224 304 0 0.00009999999999999999 1.0378798023814 0.001
w 112 144 144 144 0
174 144 144 144 304 1 1000 0.6980000000000001 Resistance
w 160 224 224 224 0
w 144 304 224 304 0
w 224 304 288 304 0
w 288 240 288 304 0
w 288 48 144 48 0
r 288 48 384 48 0 100
g 144 304 144 336 0 0
w 144 304 64 304 0
v 64 304 64 144 0 1 200 1 0 0 0.5
v 448 96 448 64 0 0 40 15 0 0 0.5
w 416 48 448 48 0
w 448 48 448 64 0
w 288 128 304 128 0
r 304 128 368 128 0 100
g 448 96 448 112 0 0
p 544 208 544 304 1 0 0
w 48 336 48 496 0
f 384 160 416 160 32 2 0.02
w 368 128 368 160 0
w 368 160 384 160 0
w 416 48 416 144 0
w 416 48 384 48 0
181 416 208 416 256 0 300.1632680462666 100 12 0.4 0.4
w 416 256 416 304 0
w 368 304 288 304 0
w 416 176 416 208 0
w 416 208 464 208 0
c 464 208 512 208 0 0.0047 0.00008223531928019457 0.001
w 416 304 512 304 0
r 512 208 512 304 0 8
w 512 208 544 208 0
w 512 304 544 304 0
p 368 160 368 304 1 0 0
w 368 304 416 304 0
